[
    {
        "seed": 42,
        "num_param": 11503050,
        "run_best_val_acc": 0.9485,
        "config": {
            "data_config": {
                "data_set": "cifar10",
                "num_classes": 10,
                "train_batch_size": 128,
                "test_batch_size": 1000,
                "num_worker": 5
            },
            "training_config": {
                "epochs": 200,
                "eval_freq": 1,
                "save_model_freq": 9999,
                "model_arch": "cifar_resnet18",
                "proj_dim": 128,
                "loss_fn": "ce",
                "temp": 0.5,
                "optimizer": "SGD",
                "betas": [
                    0.5,
                    0.99
                ],
                "momentum": 0.9,
                "nesterov": true,
                "amsgrad": false,
                "lr0": 0.1,
                "reg": 0.0005,
                "lrs": "multi_step",
                "step_size": 50,
                "milestones": [
                    20,
                    60,
                    120
                ],
                "gamma": 0.2,
                "T_max": 200,
                "eta_min": 0,
                "T0": 50,
                "T_mult": 1
            }
        },
        "train_loss": [
            1.7929670002759266,
            1.2846568678041248,
            1.0455792508161892,
            0.8880193375260629,
            0.7533632597654981,
            0.6440564326160704,
            0.5780308967661065,
            0.527207317330953,
            0.49603060055571746,
            0.47237769767756355,
            0.4532955875024771,
            0.4306831325945037,
            0.42688682214225954,
            0.41517315309523317,
            0.3998505025720962,
            0.39114306211624,
            0.3862432802805815,
            0.38152807367884595,
            0.37205765272497826,
            0.36382687511041645,
            0.21214405630174502,
            0.1693499352963989,
            0.1474713393965798,
            0.13952389274678573,
            0.13262380694832338,
            0.12781527600324977,
            0.12407179423572158,
            0.11762919989616974,
            0.12254046123770192,
            0.11600095020306994,
            0.12297223906135163,
            0.11879710790217685,
            0.11607237930035652,
            0.11424517255667073,
            0.11787072947377439,
            0.11742202024859236,
            0.11274422463172537,
            0.11976173096110145,
            0.11916721119638295,
            0.11597714776559101,
            0.1115759959887437,
            0.11320725507329187,
            0.11227897121606732,
            0.11006935728270836,
            0.11280320985885837,
            0.10980644225216735,
            0.10957242639930657,
            0.10493308405303742,
            0.10295766084681233,
            0.10689086352220124,
            0.10822355041704367,
            0.10325274975193888,
            0.10315159011794173,
            0.10219670071378541,
            0.10056340358579707,
            0.0982371616222517,
            0.09985800832986375,
            0.09757982544562853,
            0.09737926477666402,
            0.0989031536061593,
            0.03995856099650073,
            0.022033086565235043,
            0.017593703420280153,
            0.013527152053190066,
            0.01105329328600098,
            0.010714627953324838,
            0.00885284166393654,
            0.008419791903749318,
            0.008831899799227886,
            0.007299682266576706,
            0.00638867299461885,
            0.00625865747038599,
            0.006010074294386598,
            0.0051918504190990875,
            0.005135810450481637,
            0.005618558017253552,
            0.0054730931104904,
            0.005026609579231019,
            0.004277065388269989,
            0.004709788293237119,
            0.004341148942544618,
            0.004470549367071675,
            0.004973860025969203,
            0.004498867056620739,
            0.004371566727133396,
            0.00400638734743766,
            0.0038868482730796804,
            0.004037685507862016,
            0.0038629767572497735,
            0.0034275648678066995,
            0.0032928008819892145,
            0.0032444604055579668,
            0.003768002023965673,
            0.0033923197719875884,
            0.004194163082255636,
            0.0032907825444474853,
            0.0035189083006823686,
            0.0035034754713092124,
            0.003543009969901265,
            0.0033816746605769793,
            0.00369409841331689,
            0.0038716614356828984,
            0.0032927226242454497,
            0.0036220585208629136,
            0.0045568364561604496,
            0.0038564847815005334,
            0.003755714159573207,
            0.004129158566370035,
            0.004539930642179935,
            0.004519791198510896,
            0.004809187560239831,
            0.0044802337482362,
            0.005468297240626819,
            0.006441555977405985,
            0.007773366609059484,
            0.007342396875667145,
            0.008925976117958536,
            0.00981734495650491,
            0.008664764959038809,
            0.007514247268228732,
            0.004803065011989982,
            0.003860149090416501,
            0.0034252888671315426,
            0.002854371210262465,
            0.0030253765740743876,
            0.002493235861699161,
            0.0024783835120206162,
            0.0025252660931757345,
            0.0024454447531910696,
            0.002138253434470681,
            0.0021832857896988294,
            0.00218552258014536,
            0.002136240842218613,
            0.0022111880458126803,
            0.002033976560650284,
            0.002012394242556742,
            0.0020020677048005545,
            0.0019496838796509864,
            0.0019508280194081042,
            0.0019992098898229086,
            0.0020647368270575125,
            0.0018603967175499804,
            0.001846313353299218,
            0.0018071449945902315,
            0.001874101785002062,
            0.0019539126994140696,
            0.0018609587084966453,
            0.0019101054601780975,
            0.001915159567659411,
            0.0018328985766819714,
            0.001808529181996613,
            0.001722964422587934,
            0.0017462142607997484,
            0.0016842604353678558,
            0.0016837624834178735,
            0.001811200927923936,
            0.0018340222200478814,
            0.0017682926634343251,
            0.0017298727686031034,
            0.0017302334725456622,
            0.0017009322112307066,
            0.001751700118767655,
            0.0017917097332980246,
            0.001791366416028441,
            0.001797194371882426,
            0.0017708935669165991,
            0.0017181245931376563,
            0.001725850163100292,
            0.0017464211530080708,
            0.0016596165731015717,
            0.0017378298771779633,
            0.001770350853424243,
            0.001733506817425437,
            0.0016962948726856953,
            0.0017583714583721917,
            0.0017675340982199268,
            0.001772555976521338,
            0.0016864337163436634,
            0.001700238131916822,
            0.0016978068399014395,
            0.0016947620474766759,
            0.0017311459542978603,
            0.0017279820822481819,
            0.0017105517067822634,
            0.001754561045994301,
            0.0017622757096872534,
            0.0017712272184393595,
            0.0016736697653889695,
            0.0017353799417400566,
            0.001737955240997226,
            0.0017354407671081554,
            0.0017009906627385475,
            0.001689650642666537,
            0.0016880895242171214,
            0.0016654067615623517,
            0.0017911872598449783,
            0.0016547329512441441,
            0.0017091613349235614,
            0.0017163381400301366,
            0.0016790424325310476
        ],
        "val_acc": [
            0.4595,
            0.5512,
            0.6363,
            0.6722,
            0.7288,
            0.751,
            0.7895,
            0.7785,
            0.7801,
            0.7959,
            0.8262,
            0.8219,
            0.8189,
            0.7962,
            0.8371,
            0.7997,
            0.7598,
            0.8407,
            0.7951,
            0.8012,
            0.9115,
            0.9179,
            0.9148,
            0.9155,
            0.9115,
            0.9114,
            0.9188,
            0.9128,
            0.9131,
            0.9161,
            0.909,
            0.9035,
            0.9049,
            0.9107,
            0.9069,
            0.9112,
            0.9098,
            0.9096,
            0.9056,
            0.91,
            0.89,
            0.9051,
            0.9037,
            0.89,
            0.9016,
            0.9041,
            0.9066,
            0.91,
            0.9052,
            0.9062,
            0.9073,
            0.9094,
            0.9001,
            0.9109,
            0.8971,
            0.9121,
            0.9041,
            0.9052,
            0.9099,
            0.9031,
            0.938,
            0.9386,
            0.9403,
            0.9411,
            0.9414,
            0.9407,
            0.9424,
            0.9418,
            0.9425,
            0.9421,
            0.9418,
            0.9426,
            0.9433,
            0.9407,
            0.9414,
            0.942,
            0.9429,
            0.9428,
            0.9438,
            0.9427,
            0.9425,
            0.9419,
            0.9419,
            0.944,
            0.9428,
            0.943,
            0.9436,
            0.9444,
            0.9428,
            0.9442,
            0.9449,
            0.9426,
            0.9438,
            0.9456,
            0.944,
            0.9427,
            0.9412,
            0.9451,
            0.9438,
            0.9449,
            0.9436,
            0.9424,
            0.9444,
            0.944,
            0.9427,
            0.9443,
            0.945,
            0.9436,
            0.9427,
            0.9438,
            0.9383,
            0.9402,
            0.9387,
            0.9388,
            0.9386,
            0.9352,
            0.9346,
            0.9357,
            0.9376,
            0.9359,
            0.944,
            0.9456,
            0.9457,
            0.9453,
            0.9449,
            0.9443,
            0.9451,
            0.9459,
            0.9456,
            0.9459,
            0.9461,
            0.9463,
            0.9453,
            0.9461,
            0.9452,
            0.9464,
            0.946,
            0.9456,
            0.9463,
            0.9466,
            0.9462,
            0.9461,
            0.9475,
            0.9482,
            0.947,
            0.946,
            0.9475,
            0.9481,
            0.9466,
            0.947,
            0.9472,
            0.9481,
            0.9481,
            0.9477,
            0.9485,
            0.9479,
            0.9464,
            0.9474,
            0.948,
            0.9474,
            0.9479,
            0.9464,
            0.9474,
            0.9477,
            0.9476,
            0.9466,
            0.9478,
            0.9466,
            0.9467,
            0.9477,
            0.9472,
            0.9463,
            0.9475,
            0.947,
            0.9472,
            0.9463,
            0.9471,
            0.9479,
            0.9471,
            0.9472,
            0.948,
            0.9476,
            0.948,
            0.9472,
            0.9466,
            0.947,
            0.9464,
            0.9483,
            0.9484,
            0.9474,
            0.9469,
            0.9474,
            0.9478,
            0.9481,
            0.9469,
            0.9481,
            0.9475,
            0.9479,
            0.9484,
            0.9483
        ]
    },
    {
        "seed": 84,
        "num_param": 11503050,
        "run_best_val_acc": 0.9474,
        "config": {
            "data_config": {
                "data_set": "cifar10",
                "num_classes": 10,
                "train_batch_size": 128,
                "test_batch_size": 1000,
                "num_worker": 5
            },
            "training_config": {
                "epochs": 200,
                "eval_freq": 1,
                "save_model_freq": 9999,
                "model_arch": "cifar_resnet18",
                "proj_dim": 128,
                "loss_fn": "ce",
                "temp": 0.5,
                "optimizer": "SGD",
                "betas": [
                    0.5,
                    0.99
                ],
                "momentum": 0.9,
                "nesterov": true,
                "amsgrad": false,
                "lr0": 0.1,
                "reg": 0.0005,
                "lrs": "multi_step",
                "step_size": 50,
                "milestones": [
                    20,
                    60,
                    120
                ],
                "gamma": 0.2,
                "T_max": 200,
                "eta_min": 0,
                "T0": 50,
                "T_mult": 1
            }
        },
        "train_loss": [
            1.8850705321792447,
            1.3565781890888653,
            1.0875246139133679,
            0.9067557641612295,
            0.7418592047813298,
            0.6337159279819644,
            0.5661037016250289,
            0.5242969463853275,
            0.4958022362588312,
            0.47236536256492595,
            0.45778956513880464,
            0.43978241398511336,
            0.43391229646742496,
            0.4210797885189886,
            0.4063477812292021,
            0.40095382593476864,
            0.39158507072559706,
            0.3850491196679337,
            0.37705739871467775,
            0.37669844582410117,
            0.22014697171423747,
            0.17741564908981933,
            0.16030453318906257,
            0.14678528111266054,
            0.14102018298700336,
            0.1330466097330346,
            0.1254863246818028,
            0.12856790119462916,
            0.126566604246645,
            0.13113634312129996,
            0.1238772020105968,
            0.11920095522842748,
            0.12603125446345037,
            0.1235311634628974,
            0.11769887722571336,
            0.12075764167567958,
            0.12593671743331664,
            0.12065226471294528,
            0.11926642616691492,
            0.1181317268563506,
            0.11835243432399105,
            0.12396914492387448,
            0.1170154075135889,
            0.11601135637277685,
            0.11460527610938873,
            0.11257399801555497,
            0.11522021629583196,
            0.11030648814519044,
            0.11198248284037614,
            0.11091397509760106,
            0.11221416649001334,
            0.10741247196712762,
            0.10675720830478937,
            0.10587594495214464,
            0.10554394405096998,
            0.10024432298701133,
            0.10048944247252953,
            0.09784579217014715,
            0.10079185535078464,
            0.09931244777844232,
            0.04394512554473432,
            0.02378926507752303,
            0.01854499394629065,
            0.015082022965983356,
            0.011882490935185185,
            0.011200254403419145,
            0.009383619171948365,
            0.009304068893279947,
            0.007801594719102563,
            0.008191750541179325,
            0.006668154307155181,
            0.006372312634059078,
            0.007302953998613007,
            0.006049628041105826,
            0.005190306576266599,
            0.005279029289300999,
            0.004918387644123905,
            0.005280324735778772,
            0.0054991432762457075,
            0.004900917415167717,
            0.0048486974189782045,
            0.004854624340360713,
            0.004811471685126443,
            0.004637051843847518,
            0.004405032030379404,
            0.00379404948224597,
            0.004004731787877191,
            0.003624325491013982,
            0.0035294689365503048,
            0.003921833285160334,
            0.00386383839676876,
            0.004440887800633403,
            0.003726714187661362,
            0.003813904241475341,
            0.004304720491082753,
            0.004060837540827939,
            0.003695848982964578,
            0.003866616024664315,
            0.004037419903923369,
            0.004746839585428215,
            0.004105150269980416,
            0.003391989126868184,
            0.0033706374939226204,
            0.0035828579508382684,
            0.0037371191342630426,
            0.0037848869629818803,
            0.004027190596184424,
            0.005654983971591877,
            0.004155162694480489,
            0.004325452136516552,
            0.0037824848688819716,
            0.005021650132739826,
            0.005213628838653378,
            0.005292267229853441,
            0.006342369635515582,
            0.00879275052221087,
            0.0073888488465210286,
            0.008754855666733573,
            0.006802215981666389,
            0.008439666861037027,
            0.005461679118306703,
            0.003501113327017621,
            0.0032154169827437653,
            0.003037133903476074,
            0.0027249084643857636,
            0.0026757038845097087,
            0.002492379781235095,
            0.002647902750138603,
            0.002335865364369491,
            0.0024685531430651466,
            0.002259352298476078,
            0.002276468784292288,
            0.002137748409322251,
            0.002210694365798855,
            0.002093699284652939,
            0.0021733065005368015,
            0.002299596092698243,
            0.002080917083586821,
            0.0019851531310881134,
            0.0021414651791207837,
            0.0020183279094776936,
            0.002121438554403565,
            0.0020028662906847704,
            0.0019586699293650056,
            0.0018726561502541612,
            0.0018486301051428937,
            0.0017813007224320202,
            0.001918299494774493,
            0.0019067063997023266,
            0.002028381085449644,
            0.002040882139791832,
            0.0018344910754619734,
            0.0017900870359071608,
            0.0017575617592908023,
            0.0017373353669234096,
            0.0018465357402082333,
            0.0018140856513653495,
            0.001952164420706775,
            0.0018400422861928221,
            0.0017971211275898034,
            0.0017558553421636448,
            0.001699166168617156,
            0.0017690098824520188,
            0.0017115827279148713,
            0.002013322476701349,
            0.0018021797716958195,
            0.00172141309240428,
            0.0017757278581535744,
            0.001705235232661009,
            0.0018607354907514266,
            0.0019061896911896099,
            0.001732904681801329,
            0.0016796375000182435,
            0.0018868616347729951,
            0.0018251204609816126,
            0.0018044585056002716,
            0.0018132326105023589,
            0.0016969284407444337,
            0.0017668803605367727,
            0.0018014760613215186,
            0.0018372507152550131,
            0.0017700334165311987,
            0.001742766666746534,
            0.0017521717091974662,
            0.001757789633648894,
            0.001763830972088696,
            0.0016814550573049146,
            0.0017486986000914975,
            0.0017023490625135886,
            0.0017435943065901927,
            0.0016558507211444438,
            0.0016516371638468845,
            0.0017383208053539058,
            0.0017328696340903678,
            0.0017046190630358733,
            0.0017214292364702334,
            0.0017605023565785507,
            0.0017021472218667951,
            0.001765150298445445,
            0.0017043343034175123
        ],
        "val_acc": [
            0.4412,
            0.5463,
            0.6345,
            0.6763,
            0.7108,
            0.7708,
            0.7636,
            0.7507,
            0.7671,
            0.795,
            0.8031,
            0.7948,
            0.8205,
            0.8009,
            0.7946,
            0.8504,
            0.81,
            0.7677,
            0.8574,
            0.8036,
            0.9114,
            0.9119,
            0.9129,
            0.9151,
            0.9158,
            0.909,
            0.9093,
            0.9188,
            0.9078,
            0.9113,
            0.9085,
            0.9047,
            0.9078,
            0.8923,
            0.9086,
            0.9002,
            0.9029,
            0.8903,
            0.8904,
            0.9016,
            0.9042,
            0.8942,
            0.8995,
            0.9056,
            0.9047,
            0.8973,
            0.8889,
            0.8878,
            0.9014,
            0.8995,
            0.9011,
            0.8965,
            0.9051,
            0.8982,
            0.9041,
            0.8932,
            0.8996,
            0.9059,
            0.9066,
            0.9033,
            0.9352,
            0.9388,
            0.9389,
            0.9375,
            0.9395,
            0.9397,
            0.9404,
            0.9408,
            0.9416,
            0.9401,
            0.9419,
            0.9404,
            0.9395,
            0.9429,
            0.9409,
            0.9411,
            0.942,
            0.9408,
            0.9417,
            0.9417,
            0.942,
            0.9411,
            0.9405,
            0.942,
            0.9438,
            0.9412,
            0.9431,
            0.943,
            0.9433,
            0.9421,
            0.942,
            0.9408,
            0.9405,
            0.9407,
            0.9437,
            0.9409,
            0.9417,
            0.9408,
            0.9438,
            0.9416,
            0.9417,
            0.9424,
            0.942,
            0.9427,
            0.9427,
            0.9431,
            0.9404,
            0.9412,
            0.9433,
            0.9416,
            0.9433,
            0.9405,
            0.9411,
            0.937,
            0.9367,
            0.9361,
            0.9397,
            0.9376,
            0.9413,
            0.9381,
            0.9433,
            0.9449,
            0.9451,
            0.9463,
            0.9461,
            0.9451,
            0.9462,
            0.9449,
            0.946,
            0.9456,
            0.9461,
            0.9456,
            0.9457,
            0.9465,
            0.9458,
            0.9465,
            0.946,
            0.946,
            0.9463,
            0.9457,
            0.9461,
            0.9458,
            0.9467,
            0.9459,
            0.9457,
            0.9462,
            0.9462,
            0.9458,
            0.945,
            0.9466,
            0.946,
            0.9458,
            0.9461,
            0.9461,
            0.9473,
            0.9469,
            0.9465,
            0.9474,
            0.9467,
            0.9461,
            0.9462,
            0.9472,
            0.947,
            0.9467,
            0.9459,
            0.9468,
            0.9463,
            0.9461,
            0.9458,
            0.9458,
            0.9453,
            0.9455,
            0.9454,
            0.9469,
            0.946,
            0.9459,
            0.946,
            0.9463,
            0.9465,
            0.9452,
            0.9455,
            0.9466,
            0.9461,
            0.9467,
            0.946,
            0.9453,
            0.9456,
            0.9474,
            0.9455,
            0.946,
            0.9454,
            0.9455,
            0.9454,
            0.9451,
            0.9459,
            0.9451,
            0.946,
            0.9457,
            0.9463,
            0.9458
        ]
    },
    {
        "seed": 126,
        "num_param": 11503050,
        "run_best_val_acc": 0.9449,
        "config": {
            "data_config": {
                "data_set": "cifar10",
                "num_classes": 10,
                "train_batch_size": 128,
                "test_batch_size": 1000,
                "num_worker": 5
            },
            "training_config": {
                "epochs": 200,
                "eval_freq": 1,
                "save_model_freq": 9999,
                "model_arch": "cifar_resnet18",
                "proj_dim": 128,
                "loss_fn": "ce",
                "temp": 0.5,
                "optimizer": "SGD",
                "betas": [
                    0.5,
                    0.99
                ],
                "momentum": 0.9,
                "nesterov": true,
                "amsgrad": false,
                "lr0": 0.1,
                "reg": 0.0005,
                "lrs": "multi_step",
                "step_size": 50,
                "milestones": [
                    20,
                    60,
                    120
                ],
                "gamma": 0.2,
                "T_max": 200,
                "eta_min": 0,
                "T0": 50,
                "T_mult": 1
            }
        },
        "train_loss": [
            1.8177480331772125,
            1.3430107490485892,
            1.0701297131340828,
            0.8957063750842648,
            0.7666648069153661,
            0.6598581683147898,
            0.5886342139042857,
            0.5438850630274819,
            0.5102919286779125,
            0.4876320599899877,
            0.4661783217011815,
            0.44820988406915496,
            0.43265593192918833,
            0.42612382377047675,
            0.4110255381640266,
            0.40122178048276536,
            0.3919442391304104,
            0.38572139016655094,
            0.3797351573891652,
            0.3692849806659972,
            0.22093252879579353,
            0.17252996037988103,
            0.15395695742819926,
            0.1459752161560766,
            0.13538819019828002,
            0.1298666125749383,
            0.1285665852906149,
            0.12635612441107746,
            0.12225963203403194,
            0.11962715984153016,
            0.12369217119558389,
            0.12156769619001757,
            0.11839426320779811,
            0.11891271796106073,
            0.11770752205720643,
            0.12131534132849225,
            0.12120717665766512,
            0.11905974827116103,
            0.11419220102469788,
            0.11538462622848618,
            0.11758643524040041,
            0.1132990756331731,
            0.1129267801961783,
            0.11053276970944441,
            0.11065835217037774,
            0.1100007345533127,
            0.10791765494972391,
            0.10975870909764791,
            0.10962158278145297,
            0.10992199721295967,
            0.10601793467293462,
            0.10289915435282929,
            0.10473952570077404,
            0.1055503536749374,
            0.10650427206931516,
            0.09827990213747295,
            0.09987146444523426,
            0.1033522445384575,
            0.10179424564094494,
            0.09821777956088638,
            0.04024313968222808,
            0.02248733282051123,
            0.01685484768608418,
            0.014877794659994257,
            0.011453075339789015,
            0.009790674457862459,
            0.008709438527157755,
            0.008143194134125625,
            0.007270007992408636,
            0.008286688375867941,
            0.006274122808216725,
            0.007166821181493075,
            0.005765322529141555,
            0.005952459743039211,
            0.0061319249115236426,
            0.005402054266391984,
            0.0050624434084719635,
            0.004636781017446076,
            0.004636203187167683,
            0.004749427804999682,
            0.0046215597842343605,
            0.00431078925962224,
            0.004012993078820569,
            0.0037499575937033425,
            0.003778852767411076,
            0.003739183267686859,
            0.003916469130925882,
            0.004320386360557821,
            0.0037713443456679737,
            0.0038682977965785203,
            0.003712010414153814,
            0.0037472415061922423,
            0.0038915351101690356,
            0.004130694022535554,
            0.0038567756034988826,
            0.00328298236581061,
            0.0038471380263552677,
            0.003687762579692485,
            0.003338017073981559,
            0.003401795106218256,
            0.003999407999241329,
            0.003342718661874723,
            0.0035705342704234907,
            0.0037883731083708633,
            0.004643664717057344,
            0.0057744839796772625,
            0.004445179325678503,
            0.004294207161518714,
            0.004539949036693996,
            0.004125333687676417,
            0.005724668587365037,
            0.006288459833265971,
            0.005763971922345117,
            0.005668410431722279,
            0.004659583075138767,
            0.004902435857278612,
            0.006380969706131979,
            0.007251881871639234,
            0.007215680594108237,
            0.007088617766466554,
            0.005421064478759666,
            0.0037132038602657865,
            0.0031379295517202192,
            0.0028906399404982587,
            0.0028443979605546465,
            0.0025182448823571854,
            0.0024323081404156507,
            0.0022814212534564746,
            0.0022003620730765413,
            0.0022879922219142413,
            0.002294075440393899,
            0.0022443672275894782,
            0.0021340880007661707,
            0.001983124105071606,
            0.0021197646978380314,
            0.0021599824577534232,
            0.0020027740855815598,
            0.0019335970150061485,
            0.001988260833340485,
            0.0019089709062253119,
            0.0019773310175418015,
            0.001849445489222122,
            0.0018050816401963116,
            0.001834314315617942,
            0.00185986446074384,
            0.0018896684829143287,
            0.0018017682167367956,
            0.0017477328464200678,
            0.0017765424919345648,
            0.0017748095726063166,
            0.0018623205883752394,
            0.0018231599622041635,
            0.0017547324647271857,
            0.0017588726242484948,
            0.0017791302561166857,
            0.001688144632282874,
            0.0018391426128056615,
            0.0018693265669486102,
            0.0017648631993554952,
            0.0017822594530737537,
            0.0017133589890247205,
            0.0016737830826043226,
            0.0016643363006455857,
            0.0016849557610104798,
            0.0016670424928543304,
            0.001812575240422974,
            0.0016426528828418659,
            0.0017227798020300429,
            0.0016727731022757508,
            0.0018242498921692523,
            0.0017236352646890123,
            0.0017387698761180347,
            0.0017731521971454686,
            0.0018069723872896617,
            0.001668873060669731,
            0.0016912634638102386,
            0.0017006429679848997,
            0.0016562986599109933,
            0.0018010994296192245,
            0.0017427933790013575,
            0.00168855568391683,
            0.0017129755510455545,
            0.0017092894915195988,
            0.0016064445161834702,
            0.0016981760192367123,
            0.0017476606416775634,
            0.0016545431195374798,
            0.0017068483726814618,
            0.0016902522923832144,
            0.0016822863363927644,
            0.0017100563129919873,
            0.001670951171673339,
            0.0016664524540028838,
            0.0016749447599872756,
            0.001681615957273337,
            0.0017081531076727774,
            0.0016850906230992807,
            0.001683151411950169,
            0.001749746789357832,
            0.0017418476584417474
        ],
        "val_acc": [
            0.4388,
            0.4977,
            0.638,
            0.685,
            0.6493,
            0.7447,
            0.7541,
            0.7879,
            0.7745,
            0.8294,
            0.7787,
            0.7301,
            0.8283,
            0.809,
            0.8131,
            0.7808,
            0.8035,
            0.8165,
            0.8331,
            0.8048,
            0.9132,
            0.9085,
            0.9133,
            0.9078,
            0.9044,
            0.9077,
            0.907,
            0.9146,
            0.9171,
            0.8994,
            0.9048,
            0.9142,
            0.9045,
            0.9045,
            0.8961,
            0.8887,
            0.8974,
            0.9019,
            0.8997,
            0.9012,
            0.9021,
            0.8973,
            0.9025,
            0.9025,
            0.9089,
            0.9051,
            0.8812,
            0.9077,
            0.906,
            0.9035,
            0.8983,
            0.898,
            0.8886,
            0.8968,
            0.9068,
            0.9061,
            0.9118,
            0.9082,
            0.9048,
            0.8952,
            0.933,
            0.9374,
            0.9369,
            0.937,
            0.9402,
            0.9387,
            0.9421,
            0.941,
            0.9405,
            0.9392,
            0.9395,
            0.9395,
            0.9395,
            0.9396,
            0.9402,
            0.9394,
            0.9406,
            0.9403,
            0.9416,
            0.9414,
            0.9406,
            0.9424,
            0.9395,
            0.9416,
            0.9436,
            0.9425,
            0.9421,
            0.9403,
            0.9402,
            0.9413,
            0.9403,
            0.942,
            0.9416,
            0.9396,
            0.9415,
            0.9393,
            0.9397,
            0.9419,
            0.9423,
            0.9414,
            0.942,
            0.9407,
            0.9404,
            0.9406,
            0.9394,
            0.9368,
            0.9427,
            0.936,
            0.9403,
            0.9396,
            0.937,
            0.9373,
            0.9377,
            0.9376,
            0.9399,
            0.9371,
            0.9355,
            0.9348,
            0.9398,
            0.935,
            0.9401,
            0.94,
            0.9407,
            0.9407,
            0.9405,
            0.9413,
            0.941,
            0.9422,
            0.9411,
            0.9423,
            0.9422,
            0.9426,
            0.943,
            0.9422,
            0.9426,
            0.9431,
            0.9425,
            0.9416,
            0.9424,
            0.9426,
            0.943,
            0.9439,
            0.9435,
            0.944,
            0.9441,
            0.9428,
            0.9429,
            0.9426,
            0.9433,
            0.9438,
            0.9437,
            0.9428,
            0.9434,
            0.9435,
            0.9448,
            0.9438,
            0.9448,
            0.9442,
            0.9437,
            0.9433,
            0.9441,
            0.9436,
            0.9431,
            0.9429,
            0.9443,
            0.9437,
            0.9436,
            0.9436,
            0.9437,
            0.9449,
            0.9429,
            0.9425,
            0.9439,
            0.9433,
            0.9431,
            0.9436,
            0.944,
            0.9436,
            0.9431,
            0.9436,
            0.9445,
            0.9436,
            0.9433,
            0.9434,
            0.9426,
            0.9433,
            0.9438,
            0.9437,
            0.9438,
            0.9434,
            0.9439,
            0.9443,
            0.943,
            0.9437,
            0.9437,
            0.9439,
            0.9434,
            0.9443,
            0.9449,
            0.9447
        ]
    }
]