[
    {
        "seed": 42,
        "num_param": 11503050,
        "run_best_val_acc": 0.9345130920410156,
        "config": {
            "data_config": {
                "data_set": "cifar10",
                "num_classes": 10,
                "train_batch_size": 128,
                "test_batch_size": 1000,
                "num_worker": 5
            },
            "training_config": {
                "epochs": 200,
                "eval_freq": 1,
                "save_model_freq": 9999,
                "model_arch": "cifar_resnet18",
                "proj_dim": 128,
                "loss_fn": "ce",
                "temp": 0.5,
                "optimizer": "SGD",
                "betas": [
                    0.5,
                    0.99
                ],
                "momentum": 0.9,
                "nesterov": true,
                "amsgrad": false,
                "lr0": 0.1,
                "reg": 0.0005,
                "lrs": "multi_step",
                "step_size": 50,
                "milestones": [
                    20,
                    60,
                    120
                ],
                "gamma": 0.2,
                "T_max": 200,
                "eta_min": 0,
                "T0": 50,
                "T_mult": 1
            }
        },
        "train_loss": [
            2.21586112848675,
            1.587283719586962,
            1.3296658619669557,
            1.1285433063980277,
            0.9704501678925435,
            0.8540805541832028,
            0.7657751388677204,
            0.6982551590176939,
            0.6126385476753002,
            0.5677492912034042,
            0.5114337390160743,
            0.4498407949928109,
            0.42577161236118727,
            0.4038545109388482,
            0.3763837165959919,
            0.351841538803268,
            0.33972499400149775,
            0.3198597970354648,
            0.3005049100131479,
            0.2770715664133771,
            0.18967549918034604,
            0.14617807219046672,
            0.13109408279184168,
            0.11982407412342443,
            0.10864575662230717,
            0.10308216121189921,
            0.08984738440459011,
            0.09403203591306246,
            0.08220304640806245,
            0.08169842259745107,
            0.07749125025882066,
            0.07497623615421867,
            0.07024934799730323,
            0.06416902848953054,
            0.06830741211999464,
            0.061459205191554005,
            0.05450233107589128,
            0.058409906454554954,
            0.06052833919249873,
            0.05290322695354014,
            0.05144085551661844,
            0.053002928618256374,
            0.05478977535687785,
            0.05726620386432828,
            0.04912573801538416,
            0.04867529530675357,
            0.04986922128680553,
            0.049848864409532255,
            0.04202176488310326,
            0.04388376227260091,
            0.053506467043500365,
            0.04740272259752031,
            0.04786286779629593,
            0.04356937410082412,
            0.05069965497370212,
            0.056627093693454755,
            0.049211420175683404,
            0.05055793721712273,
            0.04855263434734394,
            0.04461015154472517,
            0.020496919047343368,
            0.010700255151631893,
            0.009185517049494078,
            0.009031323489434449,
            0.0071167335063503446,
            0.00673001014204511,
            0.005845165579537115,
            0.005953337749260129,
            0.0052097750399332805,
            0.004208811853820359,
            0.004219238182000162,
            0.004865461681393608,
            0.003918660679771671,
            0.004496830900356116,
            0.003658745973726436,
            0.0034712121430037985,
            0.0036502585076293305,
            0.003324695764632028,
            0.003357740564321573,
            0.0025339829446641257,
            0.0026539209297012168,
            0.002842308780558777,
            0.0030123407771199488,
            0.002561064472578409,
            0.0033909588357263053,
            0.0025740815650934766,
            0.00269236842406743,
            0.002191391697985241,
            0.002769825779228606,
            0.0025621687625499287,
            0.0023904492703572143,
            0.002416115485661386,
            0.0025249617996284356,
            0.002400465231417245,
            0.0022559638498599803,
            0.00293549986996951,
            0.002230460671992361,
            0.002516534693542697,
            0.00223975631902492,
            0.0021063168342083066,
            0.0022387063163617016,
            0.002075957684450648,
            0.002219443445410295,
            0.0020078727677784406,
            0.002016369359148311,
            0.0020089317877414344,
            0.0020522817654734238,
            0.002077917507067607,
            0.001954184445189952,
            0.002048351526889552,
            0.0022092689093529383,
            0.001784472929345771,
            0.0018505711163543449,
            0.00228903430046599,
            0.001928779384554968,
            0.0018182680035678258,
            0.0017760378399238217,
            0.001986254015955221,
            0.001954395624361079,
            0.0018503001481401272,
            0.0017861427618403925,
            0.0017749515219008592,
            0.0018755775309373974,
            0.001861872881977954,
            0.0016519213179730676,
            0.0017161909224223772,
            0.0015684749365905087,
            0.0019421165907677292,
            0.001574649112050258,
            0.0015408913924835111,
            0.0018287291896941836,
            0.0015164963467373647,
            0.0016879483316278527,
            0.001738690138431906,
            0.0016527843847337627,
            0.0016583696763983835,
            0.00153509222099003,
            0.001527225828191038,
            0.0014832958957635377,
            0.001580964120056921,
            0.0015595691897977457,
            0.0015068596383585162,
            0.001531123801290932,
            0.0015070791647748183,
            0.0015146997077426097,
            0.0016863413225283548,
            0.0015075254526863743,
            0.0013998762890163326,
            0.0015867504865315011,
            0.0017459808461339646,
            0.0024037351129747187,
            0.0014946557601864044,
            0.0015469571710599742,
            0.0016605093535782328,
            0.001611073428981774,
            0.0015857535079370417,
            0.001563083633730714,
            0.0017499839078336384,
            0.001667691299599375,
            0.001566594181749401,
            0.001656577917071813,
            0.0015453906393901424,
            0.0013877615836477405,
            0.0014710119700606713,
            0.0015064891710351328,
            0.0013578168128951247,
            0.0015637529365192275,
            0.0014544837909949702,
            0.0014443085169000196,
            0.0015797087454365011,
            0.0014439876607213993,
            0.0013608348374574922,
            0.001581882965530603,
            0.0026859751460853367,
            0.0014541457782193791,
            0.0017744839628660723,
            0.0014926975556091185,
            0.0015987224689371997,
            0.0015673509453252698,
            0.00138202324538058,
            0.0014568527756998217,
            0.0017188280320527274,
            0.001415019738043566,
            0.0015116472660123108,
            0.0013500620537252655,
            0.001506442888835374,
            0.0014566594609485954,
            0.0014247649903800196,
            0.0014645640337519802,
            0.0013991601574981144,
            0.0014150642566844991,
            0.001492316407624291,
            0.001438633325946951,
            0.001331579786163705,
            0.0014962126169431925,
            0.001419623502803867,
            0.0013989490431996474,
            0.0014341351752105447,
            0.001456840441896374,
            0.0015182405899506319
        ],
        "val_acc": [
            0.30823835730552673,
            0.4304139316082001,
            0.49900022149086,
            0.5192961096763611,
            0.5845831036567688,
            0.6685662865638733,
            0.6472705006599426,
            0.6628674268722534,
            0.698860228061676,
            0.7472505569458008,
            0.7336533069610596,
            0.7690461277961731,
            0.762547492980957,
            0.784243106842041,
            0.7897420525550842,
            0.8144371509552002,
            0.7802439332008362,
            0.8214356899261475,
            0.7983403205871582,
            0.861527681350708,
            0.9064187407493591,
            0.9087182879447937,
            0.906318724155426,
            0.9094181060791016,
            0.9116176962852478,
            0.908818244934082,
            0.9153169989585876,
            0.910118043422699,
            0.9092181324958801,
            0.9103179574012756,
            0.9112177491188049,
            0.9110178351402283,
            0.8984203338623047,
            0.9003198742866516,
            0.9118176102638245,
            0.9014196991920471,
            0.9017196297645569,
            0.9036192893981934,
            0.8996200561523438,
            0.9123175144195557,
            0.9116176962852478,
            0.907118558883667,
            0.900119960308075,
            0.9059188365936279,
            0.9043191075325012,
            0.8974204659461975,
            0.9062187671661377,
            0.8974205851554871,
            0.9103178977966309,
            0.8970206379890442,
            0.9015197157859802,
            0.902319610118866,
            0.909618079662323,
            0.9114177227020264,
            0.8908217549324036,
            0.9065186977386475,
            0.8998200297355652,
            0.8971206545829773,
            0.9115176796913147,
            0.8950209617614746,
            0.9277144074440002,
            0.9275144934654236,
            0.9300139546394348,
            0.9301139712333679,
            0.9278144240379333,
            0.9301139712333679,
            0.929314136505127,
            0.9309137463569641,
            0.9318137168884277,
            0.931813657283783,
            0.9301139712333679,
            0.9306139349937439,
            0.9310137629508972,
            0.9299139976501465,
            0.9308138489723206,
            0.9311137199401855,
            0.9317136406898499,
            0.9311137795448303,
            0.9323135018348694,
            0.9323135018348694,
            0.931813657283783,
            0.932213544845581,
            0.9317136406898499,
            0.9333133697509766,
            0.9328134655952454,
            0.9326135516166687,
            0.932213544845581,
            0.9329134821891785,
            0.9323135018348694,
            0.9321135878562927,
            0.9325135350227356,
            0.9325135350227356,
            0.9328134655952454,
            0.9330134391784668,
            0.931313693523407,
            0.9340131878852844,
            0.9320136904716492,
            0.9332134127616882,
            0.932713508605957,
            0.9314137101173401,
            0.9320135712623596,
            0.9326134324073792,
            0.9324135780334473,
            0.9331133961677551,
            0.9332134127616882,
            0.932213544845581,
            0.9332134127616882,
            0.9328134655952454,
            0.9326135516166687,
            0.9317135810852051,
            0.9326134324073792,
            0.9332134127616882,
            0.932713508605957,
            0.9325134754180908,
            0.9331133961677551,
            0.932213544845581,
            0.932213544845581,
            0.9328134059906006,
            0.9324135184288025,
            0.9328134059906006,
            0.9321135878562927,
            0.9334133267402649,
            0.9326134324073792,
            0.933013379573822,
            0.932713508605957,
            0.9336133003234863,
            0.9337132573127747,
            0.9321135878562927,
            0.9319136142730713,
            0.9328134059906006,
            0.9317136406898499,
            0.9325134754180908,
            0.9329133629798889,
            0.9330134391784668,
            0.9330134391784668,
            0.933513343334198,
            0.9326134324073792,
            0.933013379573822,
            0.933513343334198,
            0.9324135184288025,
            0.9334133267402649,
            0.9330134391784668,
            0.9331133961677551,
            0.9342131614685059,
            0.933513343334198,
            0.9339132308959961,
            0.9331133961677551,
            0.9344131350517273,
            0.9331133961677551,
            0.9337132573127747,
            0.931813657283783,
            0.932213544845581,
            0.9323135018348694,
            0.9327134490013123,
            0.9323135018348694,
            0.9328134059906006,
            0.9329134821891785,
            0.9345130920410156,
            0.9341132044792175,
            0.9331133961677551,
            0.9333133697509766,
            0.9339132308959961,
            0.9328134059906006,
            0.9330134391784668,
            0.9340131878852844,
            0.9329134821891785,
            0.9320135712623596,
            0.9325134754180908,
            0.9330134391784668,
            0.932213544845581,
            0.9330134391784668,
            0.933513343334198,
            0.932213544845581,
            0.9340131878852844,
            0.9325135350227356,
            0.9326134324073792,
            0.9331133961677551,
            0.9325134754180908,
            0.9334133267402649,
            0.9334133267402649,
            0.931813657283783,
            0.9337132573127747,
            0.9330134391784668,
            0.9325134754180908,
            0.9333133697509766,
            0.933513343334198,
            0.9339132308959961,
            0.9328134059906006,
            0.9323135018348694,
            0.9332134127616882,
            0.9336133003234863,
            0.9325134754180908,
            0.933513343334198,
            0.9332134127616882,
            0.933513343334198,
            0.9328134655952454,
            0.9333133697509766,
            0.9337132573127747,
            0.9336133003234863,
            0.9328134059906006
        ]
    },
    {
        "seed": 84,
        "num_param": 11503050,
        "run_best_val_acc": 0.9309137463569641,
        "config": {
            "data_config": {
                "data_set": "cifar10",
                "num_classes": 10,
                "train_batch_size": 128,
                "test_batch_size": 1000,
                "num_worker": 5
            },
            "training_config": {
                "epochs": 200,
                "eval_freq": 1,
                "save_model_freq": 9999,
                "model_arch": "cifar_resnet18",
                "proj_dim": 128,
                "loss_fn": "ce",
                "temp": 0.5,
                "optimizer": "SGD",
                "betas": [
                    0.5,
                    0.99
                ],
                "momentum": 0.9,
                "nesterov": true,
                "amsgrad": false,
                "lr0": 0.1,
                "reg": 0.0005,
                "lrs": "multi_step",
                "step_size": 50,
                "milestones": [
                    20,
                    60,
                    120
                ],
                "gamma": 0.2,
                "T_max": 200,
                "eta_min": 0,
                "T0": 50,
                "T_mult": 1
            }
        },
        "train_loss": [
            2.337764313202778,
            1.62446266913232,
            1.3649463444265701,
            1.1470993247650962,
            0.9816493209991747,
            0.869662819472888,
            0.7827356266611405,
            0.7144661268205134,
            0.644688734116445,
            0.5873654507498705,
            0.5322531832538488,
            0.4999542766399966,
            0.4543268337049557,
            0.41676696395601026,
            0.3913767383298801,
            0.3571706274311051,
            0.33715443313121796,
            0.3287624233324109,
            0.3104743660633801,
            0.3029109580826213,
            0.19383665407431944,
            0.15844066395559384,
            0.13972651227626182,
            0.12414499801647572,
            0.11016819054502568,
            0.10836588142027381,
            0.09968116990368785,
            0.0953639213365453,
            0.09360561330752973,
            0.08676390947048901,
            0.07651802314488032,
            0.07154829903925193,
            0.07209286806066982,
            0.06715459721376195,
            0.06752785596683736,
            0.06327438773587346,
            0.05753438459097884,
            0.05717204277979509,
            0.05908602813102362,
            0.0626434069908871,
            0.056445099470269586,
            0.05171787398973949,
            0.05821017850588524,
            0.0574248815239727,
            0.05912281385843308,
            0.0606032305091392,
            0.05735719524579876,
            0.056366212644706704,
            0.04862312265167027,
            0.053517398929209196,
            0.04745871926309498,
            0.048571383146896165,
            0.048505809748161384,
            0.04556091985032531,
            0.045740751442961566,
            0.0492497731128153,
            0.04819985142134073,
            0.050235977204417,
            0.04893779289688318,
            0.04469201757167359,
            0.021469749030408287,
            0.01324096042396259,
            0.009117219116332592,
            0.007434473053964552,
            0.007025030031018243,
            0.006746130048133831,
            0.006153442973327887,
            0.006331015304477445,
            0.004702542807626047,
            0.004732113599933627,
            0.005139483544150837,
            0.003814835354636018,
            0.004842957998945854,
            0.004392210622087036,
            0.004334395956194725,
            0.003802980028380789,
            0.0037330648677871485,
            0.004188174871063101,
            0.0032369961081435265,
            0.0028515085662388106,
            0.003272317153071089,
            0.0031301385788815735,
            0.0031886715855172173,
            0.004050801124669014,
            0.002718109694373517,
            0.0026245080312280312,
            0.002418001344114656,
            0.0027515665825299978,
            0.0026081622594199675,
            0.002358177177366296,
            0.002545286827091526,
            0.0026768029921595718,
            0.0022434131326758166,
            0.0025843412678454155,
            0.0026573721334544357,
            0.0021835997752233886,
            0.00214567078625826,
            0.0020752540689125258,
            0.0017220573330952126,
            0.00191925075891577,
            0.0019399163913948617,
            0.0018758234907410869,
            0.0017082059470659393,
            0.0017627029073645026,
            0.0019718792044223494,
            0.0019288061747419869,
            0.0023921793833275445,
            0.001926922970735788,
            0.002184937898698796,
            0.001850719625425333,
            0.0022235169912553357,
            0.0018536481768148773,
            0.0020254089346845128,
            0.001984391675174293,
            0.002141443827680049,
            0.0019385264235555785,
            0.001548443324615084,
            0.0019152651048613754,
            0.0018765221621826974,
            0.0017468802278100704,
            0.0016453630603736138,
            0.0016725061995418074,
            0.00139455083101803,
            0.0015821316144393601,
            0.0022833903168171703,
            0.0018721848169967305,
            0.0016378996398776259,
            0.001518268043971585,
            0.0015962441986824834,
            0.0015005816626433596,
            0.0014851103991781937,
            0.0035634447988442623,
            0.0015076055517597906,
            0.001992452515552233,
            0.0015834143033379134,
            0.0015957666768066812,
            0.0016953669344466037,
            0.0015215642993757857,
            0.001499449419664603,
            0.0014253191335325819,
            0.001491967054130154,
            0.0014511084287135883,
            0.0015686991560550135,
            0.0012974752680192353,
            0.001681849114971861,
            0.0015408090406403173,
            0.001478950484151035,
            0.0013496158631227,
            0.0015155663527192846,
            0.0014935562592390782,
            0.0014580358979505493,
            0.0015011289195186025,
            0.001493352969649838,
            0.001445670940518692,
            0.0014294645649501842,
            0.0013874401111788478,
            0.001494492513468873,
            0.0015235157152069093,
            0.0015279767361206522,
            0.001541772954173045,
            0.0015454357883178465,
            0.0013628950198571986,
            0.0014531750659429901,
            0.0014446893620717104,
            0.0015772000614567908,
            0.001455229697286912,
            0.0014031057908974645,
            0.0013454247093652838,
            0.0014700392222934836,
            0.0017152124312030904,
            0.0014346481659911743,
            0.0014062002465619443,
            0.001338428001004833,
            0.0013552274082197261,
            0.001310262618895677,
            0.0014545808778187075,
            0.001404763362459298,
            0.0014403921441807773,
            0.0014556988812485382,
            0.0013682519082150613,
            0.0015272068678230787,
            0.0014129927531169116,
            0.0014519375519656385,
            0.001447606996636667,
            0.001383771827064085,
            0.0015929419896565378,
            0.001375501727923495,
            0.0014289676945812943,
            0.001293432429603493,
            0.001415738943015147,
            0.0014602118433908139,
            0.0014764330814635196,
            0.0016783117423303255,
            0.0016682060663801624,
            0.0013590119348106664,
            0.0013729633424850536,
            0.0013412545676847905,
            0.001555985456975959,
            0.001469834478401387,
            0.0015146867123268942
        ],
        "val_acc": [
            0.30873826146125793,
            0.43421316146850586,
            0.45780840516090393,
            0.5304939150810242,
            0.4894021451473236,
            0.5745850801467896,
            0.47550490498542786,
            0.68526291847229,
            0.6345730423927307,
            0.6545690894126892,
            0.7249550223350525,
            0.7401519417762756,
            0.7380523681640625,
            0.797840416431427,
            0.7932413220405579,
            0.7857429385185242,
            0.7938411831855774,
            0.808138370513916,
            0.8075385093688965,
            0.8090381622314453,
            0.9006199240684509,
            0.9022195339202881,
            0.9068186283111572,
            0.904619038105011,
            0.9053189754486084,
            0.8982203602790833,
            0.9058188796043396,
            0.9047190546989441,
            0.8914217352867126,
            0.8989202380180359,
            0.8945210576057434,
            0.8989202380180359,
            0.9017196297645569,
            0.9042191505432129,
            0.906318724155426,
            0.9054189324378967,
            0.9017197489738464,
            0.8996200561523438,
            0.9037192463874817,
            0.9009198546409607,
            0.9009198546409607,
            0.8979204297065735,
            0.9057188630104065,
            0.8945210576057434,
            0.8859228491783142,
            0.8880224227905273,
            0.8913217186927795,
            0.8995200991630554,
            0.8937212824821472,
            0.8922215104103088,
            0.8992201685905457,
            0.8996200561523438,
            0.8967206478118896,
            0.8937212824821472,
            0.8925214409828186,
            0.9016196727752686,
            0.8912217617034912,
            0.9019196033477783,
            0.9027194976806641,
            0.9028194546699524,
            0.9212157726287842,
            0.921915590763092,
            0.9237152934074402,
            0.9246150851249695,
            0.9262147545814514,
            0.924915075302124,
            0.9250150322914124,
            0.9258148670196533,
            0.9255149364471436,
            0.9261147975921631,
            0.9261147975921631,
            0.9275144934654236,
            0.9256148934364319,
            0.9271145462989807,
            0.9271145462989807,
            0.9250149726867676,
            0.926914632320404,
            0.925714910030365,
            0.926914632320404,
            0.9266147017478943,
            0.9266147017478943,
            0.926814615726471,
            0.9287142753601074,
            0.9267146587371826,
            0.9253149032592773,
            0.9279144406318665,
            0.9276145100593567,
            0.926814615726471,
            0.9272145628929138,
            0.9274144768714905,
            0.9259148240089417,
            0.9276144504547119,
            0.9276144504547119,
            0.9288142323493958,
            0.92801433801651,
            0.9294140934944153,
            0.9276144504547119,
            0.926914632320404,
            0.9278144240379333,
            0.928514301776886,
            0.9272145628929138,
            0.9288142323493958,
            0.9277144074440002,
            0.9277145266532898,
            0.9288142323493958,
            0.9291141629219055,
            0.929714024066925,
            0.9284143447875977,
            0.9277145266532898,
            0.9286143183708191,
            0.9290142059326172,
            0.9288142323493958,
            0.9286141991615295,
            0.9280144572257996,
            0.9276144504547119,
            0.9276144504547119,
            0.9270145893096924,
            0.9289142489433289,
            0.9279143810272217,
            0.9292141795158386,
            0.929314136505127,
            0.9288142323493958,
            0.9289142489433289,
            0.9292141795158386,
            0.9281143546104431,
            0.9286143183708191,
            0.9282143712043762,
            0.9281144142150879,
            0.9288142323493958,
            0.92801433801651,
            0.9291141629219055,
            0.9275145530700684,
            0.9284142851829529,
            0.9290142059326172,
            0.9282143712043762,
            0.9290142059326172,
            0.9283143877983093,
            0.9290142059326172,
            0.9299139976501465,
            0.9291141629219055,
            0.9287142753601074,
            0.9289142489433289,
            0.929314136505127,
            0.9284143447875977,
            0.9288142323493958,
            0.929714024066925,
            0.9292141795158386,
            0.9290142059326172,
            0.928514301776886,
            0.930213987827301,
            0.9289142489433289,
            0.9290142059326172,
            0.9295141100883484,
            0.9283143877983093,
            0.9290142059326172,
            0.9298140406608582,
            0.9286143183708191,
            0.9300139546394348,
            0.9292141795158386,
            0.9294140934944153,
            0.9294140934944153,
            0.9300139546394348,
            0.929714024066925,
            0.9289142489433289,
            0.929314136505127,
            0.9290142059326172,
            0.9294140934944153,
            0.9281144142150879,
            0.9295141100883484,
            0.9295141100883484,
            0.930513858795166,
            0.9294140934944153,
            0.929314136505127,
            0.9299139976501465,
            0.9295141100883484,
            0.9295141100883484,
            0.9299139976501465,
            0.9309137463569641,
            0.9303138852119446,
            0.9294140934944153,
            0.9295141100883484,
            0.9289142489433289,
            0.9290142059326172,
            0.9300139546394348,
            0.929314136505127,
            0.9291141629219055,
            0.9288142323493958,
            0.9291141629219055,
            0.9289142489433289,
            0.928514301776886,
            0.928514301776886,
            0.9287142753601074,
            0.9283143877983093,
            0.9289142489433289,
            0.9283143877983093,
            0.9294140934944153,
            0.9292141795158386,
            0.928514301776886,
            0.9289142489433289,
            0.9296140670776367
        ]
    },
    {
        "seed": 126,
        "num_param": 11503050,
        "run_best_val_acc": 0.9303138852119446,
        "config": {
            "data_config": {
                "data_set": "cifar10",
                "num_classes": 10,
                "train_batch_size": 128,
                "test_batch_size": 1000,
                "num_worker": 5
            },
            "training_config": {
                "epochs": 200,
                "eval_freq": 1,
                "save_model_freq": 9999,
                "model_arch": "cifar_resnet18",
                "proj_dim": 128,
                "loss_fn": "ce",
                "temp": 0.5,
                "optimizer": "SGD",
                "betas": [
                    0.5,
                    0.99
                ],
                "momentum": 0.9,
                "nesterov": true,
                "amsgrad": false,
                "lr0": 0.1,
                "reg": 0.0005,
                "lrs": "multi_step",
                "step_size": 50,
                "milestones": [
                    20,
                    60,
                    120
                ],
                "gamma": 0.2,
                "T_max": 200,
                "eta_min": 0,
                "T0": 50,
                "T_mult": 1
            }
        },
        "train_loss": [
            2.247372528068892,
            1.5215798170511958,
            1.306130935217588,
            1.0961863767099744,
            0.9533357538339746,
            0.8521336116863572,
            0.7703690519769684,
            0.6855511961092475,
            0.633676394023968,
            0.5633265114467563,
            0.5256258501806332,
            0.4779353471657702,
            0.46052966932304035,
            0.4241569339091541,
            0.3851654421509677,
            0.36367063019566864,
            0.3429260485954867,
            0.31885540565006604,
            0.30207579690991465,
            0.2989613176074647,
            0.19122107417983863,
            0.15046203921314413,
            0.13721525663410433,
            0.12403986881707461,
            0.1123355055469593,
            0.09756615982597111,
            0.09580756521975721,
            0.09061490627759286,
            0.08841199655341737,
            0.07998812346513035,
            0.07127272838172112,
            0.07370732298106637,
            0.06454172636602672,
            0.06643703343872806,
            0.06682152022387235,
            0.06056109615352773,
            0.05910356888078324,
            0.05980604567088699,
            0.05574959997471621,
            0.05904963003997584,
            0.052785869906407615,
            0.050025962876113314,
            0.05172848171120836,
            0.05552293338905309,
            0.05079704047472195,
            0.05059677268598826,
            0.05278787584904269,
            0.046618394383037366,
            0.04373382266525549,
            0.04335272294390975,
            0.05627748317916999,
            0.04725206458500324,
            0.04817213784931725,
            0.05207511960379495,
            0.042271920223898106,
            0.03917460184800261,
            0.042093134099503854,
            0.04029634586741565,
            0.03556493097091563,
            0.040027122372292154,
            0.019431066944598015,
            0.010773990065115327,
            0.008598428888722743,
            0.006968030171070731,
            0.00648174986317896,
            0.0060453109908849,
            0.005586090143094593,
            0.004741651893820869,
            0.00487294660717647,
            0.003754282774108654,
            0.003949670608063008,
            0.0033826800827505706,
            0.0038810745161559916,
            0.003939320999801955,
            0.0030467989361304647,
            0.003286563929966615,
            0.003353465465341787,
            0.003057485335250563,
            0.0028747047763317823,
            0.003397171591756908,
            0.0028747734787006587,
            0.0025769970939629747,
            0.0029195821315284734,
            0.00298142057527141,
            0.00289768933892634,
            0.002718900132192057,
            0.002705863646750573,
            0.0024459621265178672,
            0.0021759741117587696,
            0.003004081666341606,
            0.0023182572948902786,
            0.0027057607164997464,
            0.0021227690829355127,
            0.0020215012842277422,
            0.002462543387637822,
            0.0020803762946405824,
            0.0022198606956970544,
            0.0022511690075665653,
            0.002036142147871317,
            0.002072961153622489,
            0.0020818562350833065,
            0.0020960520082935405,
            0.002185680616455053,
            0.002090524125378579,
            0.0021231118989539625,
            0.0017026221874625002,
            0.0019542092380988346,
            0.001962243150990769,
            0.002009154277416444,
            0.001869297644144763,
            0.0019499229450304885,
            0.0018389071133485392,
            0.002235015024224879,
            0.0019230057102386335,
            0.0017741201316603665,
            0.0019612386493893866,
            0.00177670287622409,
            0.0017513021527263443,
            0.0018350865406638283,
            0.0018697577530432863,
            0.0019296687451823976,
            0.001688191065571861,
            0.0017903899153666073,
            0.001794197155386636,
            0.0016254249965516098,
            0.001615281473180521,
            0.0017373276112835768,
            0.001656602794848354,
            0.0015718801962816022,
            0.0015621654883041295,
            0.0017893152246571623,
            0.0015578899161093904,
            0.0016789248325143947,
            0.0017825395903258605,
            0.0015148943848197014,
            0.0017996239315945912,
            0.0017460752034183051,
            0.0015629188940533302,
            0.0015676141892495843,
            0.0017046375566283029,
            0.0015454425797300085,
            0.001585024379670108,
            0.001600526958412512,
            0.001627468393372642,
            0.0016876072374008993,
            0.001533137218500594,
            0.0015462695390789393,
            0.0018109075542013268,
            0.0014930009785932951,
            0.0015679567866560555,
            0.0016356486625407772,
            0.0016793971881270409,
            0.0015512168498972843,
            0.0014991939808988502,
            0.0017513210360024778,
            0.0020109190008396867,
            0.0015858435365264767,
            0.0016542802860725757,
            0.0016433736496029123,
            0.001425671364529101,
            0.0016099735681244832,
            0.0015122822036198874,
            0.0016278823142700637,
            0.0015448987517747601,
            0.0016586227846360332,
            0.0015817447920962598,
            0.0016646618498951367,
            0.0015952553611625526,
            0.001629508545671995,
            0.0015182901575507325,
            0.0014511551832396337,
            0.0016495240083540157,
            0.0015390521961349624,
            0.0015806043462806474,
            0.0016805288947955171,
            0.001487618510412294,
            0.001736343207321208,
            0.0014508056773391788,
            0.00163196430067027,
            0.0014872005380839393,
            0.001625738283956978,
            0.0015133690766151284,
            0.0016410782469351215,
            0.0015026859664500386,
            0.001577855505045674,
            0.0015224247872260691,
            0.001538125844761189,
            0.0015501146043032294,
            0.0016056137667784026,
            0.0017568710542689185,
            0.001583581417532396,
            0.0015857156360777848,
            0.0016543190306024128,
            0.0014763012886552125,
            0.0016538207192606654,
            0.0014306991809858222,
            0.0016319675371939501,
            0.0015336192174786204,
            0.0015209652865589916,
            0.0014872556905091549
        ],
        "val_acc": [
            0.3261347711086273,
            0.4335132837295532,
            0.5280943512916565,
            0.5028994083404541,
            0.5625874996185303,
            0.6655668616294861,
            0.5752849578857422,
            0.5776844620704651,
            0.6456708908081055,
            0.7369526028633118,
            0.7314537167549133,
            0.7548490166664124,
            0.775644838809967,
            0.7745451331138611,
            0.7660468220710754,
            0.8131373524665833,
            0.8051390051841736,
            0.8266346454620361,
            0.8283343315124512,
            0.8151369690895081,
            0.9030194282531738,
            0.904619038105011,
            0.9089182019233704,
            0.9061186909675598,
            0.9105178713798523,
            0.9079184532165527,
            0.9015197157859802,
            0.8964207172393799,
            0.9011197686195374,
            0.9034193158149719,
            0.9011197686195374,
            0.9068186283111572,
            0.8980204463005066,
            0.9012197852134705,
            0.8919215798377991,
            0.9013197422027588,
            0.8991201519966125,
            0.9031193256378174,
            0.900119960308075,
            0.9037192463874817,
            0.9081184267997742,
            0.9025195240974426,
            0.8992201685905457,
            0.902919352054596,
            0.8885223269462585,
            0.8967206478118896,
            0.8933213353157043,
            0.9015197157859802,
            0.9017197489738464,
            0.8930214047431946,
            0.8995200991630554,
            0.9067186713218689,
            0.8978204131126404,
            0.8977203965187073,
            0.8936212658882141,
            0.9059188365936279,
            0.9057188630104065,
            0.9038192629814148,
            0.9059187769889832,
            0.9044191241264343,
            0.9221155643463135,
            0.9246150851249695,
            0.924415111541748,
            0.9256148338317871,
            0.926314651966095,
            0.9256148338317871,
            0.9253149032592773,
            0.9247150421142578,
            0.9260147213935852,
            0.9254148602485657,
            0.9261147975921631,
            0.9264146685600281,
            0.9267146587371826,
            0.9278144836425781,
            0.9277144074440002,
            0.9260147213935852,
            0.9259147644042969,
            0.9280144572257996,
            0.9278144836425781,
            0.9265146851539612,
            0.9278144836425781,
            0.9275144934654236,
            0.9282143712043762,
            0.9270145893096924,
            0.9265146851539612,
            0.9278144836425781,
            0.9277144074440002,
            0.9298140406608582,
            0.9277145266532898,
            0.9280144572257996,
            0.9262147545814514,
            0.9288142323493958,
            0.9296140670776367,
            0.9286143183708191,
            0.9277145266532898,
            0.926814615726471,
            0.929314136505127,
            0.9294140934944153,
            0.9282143712043762,
            0.9279144406318665,
            0.9288142323493958,
            0.9276144504547119,
            0.9279144406318665,
            0.9271146655082703,
            0.9294140934944153,
            0.9283143877983093,
            0.9292141795158386,
            0.9281144142150879,
            0.928514301776886,
            0.9296140670776367,
            0.9286143183708191,
            0.9282143712043762,
            0.9292141795158386,
            0.9278144240379333,
            0.9275144934654236,
            0.9283143877983093,
            0.9288142323493958,
            0.9290142059326172,
            0.929714024066925,
            0.9282143712043762,
            0.9290142059326172,
            0.9284143447875977,
            0.928514301776886,
            0.929314136505127,
            0.9283143877983093,
            0.9286143183708191,
            0.9279144406318665,
            0.928514301776886,
            0.9276144504547119,
            0.9281144142150879,
            0.928514301776886,
            0.9282143712043762,
            0.9272146224975586,
            0.9281144142150879,
            0.9287142753601074,
            0.9287142753601074,
            0.9280144572257996,
            0.9283143877983093,
            0.9286143183708191,
            0.9287142753601074,
            0.9291141629219055,
            0.928514301776886,
            0.9280144572257996,
            0.9287142753601074,
            0.9289142489433289,
            0.9289142489433289,
            0.9281144142150879,
            0.9288142323493958,
            0.9282143712043762,
            0.9291141629219055,
            0.9280144572257996,
            0.929314136505127,
            0.9292141795158386,
            0.9292141795158386,
            0.9289142489433289,
            0.9290142059326172,
            0.929714024066925,
            0.9292141795158386,
            0.9292141795158386,
            0.9299139976501465,
            0.9284143447875977,
            0.9288142323493958,
            0.9290142059326172,
            0.929314136505127,
            0.9288142323493958,
            0.9292141795158386,
            0.9292141795158386,
            0.9294140934944153,
            0.9295141100883484,
            0.9286143183708191,
            0.9287142753601074,
            0.9280144572257996,
            0.9286143183708191,
            0.9278144836425781,
            0.9287142753601074,
            0.929314136505127,
            0.9289142489433289,
            0.9276145100593567,
            0.9294140934944153,
            0.9294140934944153,
            0.9281143546104431,
            0.9288142323493958,
            0.928514301776886,
            0.929314136505127,
            0.9288142323493958,
            0.9279144406318665,
            0.9290142059326172,
            0.929314136505127,
            0.9286143183708191,
            0.9298140406608582,
            0.9295141100883484,
            0.9292141795158386,
            0.9294140934944153,
            0.9284143447875977,
            0.9301139712333679,
            0.9294140934944153,
            0.9286143183708191,
            0.9303138852119446,
            0.9290142059326172,
            0.9294140934944153
        ]
    }
]